$ANSIBLE_VAULT;1.1;AES256
38363336663665376339343265303062613930616137333465383939663433666435396139613364
6266633333366436633932633430363734386466623237340a623930613437386431356466646362
66613632656135386539326361323337343035656239313330336431386263393261386466643232
3434333836666136300a326263326666336630663231626535306263383762393266386333343265
65393135656465386365646339643263366637363535303832383434666566623636393361666337
31306333313038386335396133363265343561633238333831306266396336626630616661613765
38336330333362656562333364333130646133303263303335363263346531393262343535643430
37643137623532653734346661363935613733383762656333366136303433373739383532376665
63663132663832666364373966386163666238363365336163656533333562626138393038636538
38666538396161376432613037633165336466353039643934303432316239643834346561613565
37383137646437343961316566306363653734633861343563393539646231646330616236373937
61303362336434336264343666333035663763343833313462313931343636363864363231393061
39386531373662626565353363333965383434373431346530303938353239653237386665613732
36363539333230363333303235326662326163613061343533643737656466396339303534303162
37323763663630323165323238376236333763623637643861383733363066303664303936626134
61663837366436663061323638343265626532653966666436373835323964626162393265663639
65633766626431303234646530333637343733303931343531313035383837626166386362633331
64336361323066646636613439663631323737376438633132646232386564376164346135623733
30643265343331306165653939646334643635333963383438316236313862393938623236313931
64333366373438663230326535353834363462373265623239346633393639333137303036393733
61383539383936376138373434353065653664653136343439343530363137653036333638316461
62356536646166663132346631323265303236626163393639353439313663343364376639376230
61663530653030663039363563343666383164643137336137313161653436653561363535363935
63616163653330343963363732663736366436633638323262386139343334386466313562653163
3537
