$ANSIBLE_VAULT;1.1;AES256
65663435616630323831656265626461396438666162326432303261633338666266303763333937
6538393139333136323162373538363837393464336664310a306134656464623438393934646539
38663436643038646563633265306439653236323133663036653439633934353132383039313038
3538643239333533620a383535363165643766356339636233626531333734363239373437333432
62616164613533663337386462626236343661663236343237353836313833663461636637326230
63393237383836666537663438363634636439323937393563393864646164386563303866356435
32366637303233653363393562383034653736646566336466353231656434373330343561613738
61663537623039336230376261636536613561393237303163313131376232663834363264373230
64316163633032393131623264323338313139306632363263333939643230636538336135333034
65613739306563306136346232356334373335356437643239623839613832393865613664386461
33313933306636396334383533616634623330636339656564656164633465656634356331393633
30616637373934323461346434333237373038323636343764633636323838393165633739333933
65663564303430656632653933613531663132633264303030313238336239393439336134353736
64393663363230613961306565613564366530353436616139613733393535356661396137653361
35393063306639323337633939653435396630653934386334323138646135346263346232616139
65323066383738623736643939363332306330643762323962343364343230353531383035303261
36336163303764393132323434316535323965623639326634333362383864366139383739306530
36346232323566323037333966633435336132646535356664393032626336313261616331373265
31353566626531343536376138383765313930386536666431323364323265643038653134643930
39623430386633353630343061383237333063366132366636326265386135356638346231626265
39623836343162636239313464383233393063616262323734626537326232373666353139613364
65343935636366353137356536383936656636333537343863373436333338303338663361383464
34663961323036636337373566623862646332643539323931376363323033313761313165396537
65373965303432373934313535643166643464303061663564326230323233383062376165613938
39373632653232646437396136666133636537386539396135343939613037623032303961313565
33316164326462303735343037636233373065323432363237643335363335366461666261646661
38386233383537386665313635616136666333643137373736633564393661343632383735346166
33373631386637363861326239356633346332313766383033393832613866653066373531633131
38353064343536356166366464303330613937366635343836323936333632623935623166306362
61303132343933353032306235613534306463353034623839333231623138336434616436623731
626165373933386330393064306466393532
